101120005
101120007
101120009
101120010
101120012
101120014
101120017
101120019
101120020
101120021
101120027
101120028
101120030
101120032
101120035
101120037
101120040
101120043
101120047
101120048
101120052
101120054
101120056
101120059
101120060
101120062
102120001
102120002
102120009
102120010
102120013
102120020
102120027
102120038
102120039
102120044
102120045
102120048
102120052
102120053
102120054
102120057
102120058
102120060
102120066
102120070
102120071
102120072
102120076
102120080
102120085
103120019
103120029
103120047
103120069
103120092
103120109
106120001
106120005
106120010
106120013
106120015
106120021
106120023
106120024
106120028
106120037
106120043
106120049
106120055
106120057
106120058
106120063
106120070
106120076
106120079
106120083
106120084
106120090
106120092
106120095
106120101
106120102
106120105
106120113
106120123
106120125
106120128
106120129
106120132
106120135
106120137
106120138
106120142
106120146
106120147
107120003
107120012
107120022
107120025
107120027
107120029
107120038
107120042
107120048
107120050
107120059
107120065
107120066
107120071
107120090
107120092
107120095
107120105
107120107
107120108
107120112
107120118
107120125
107120131
107120134
108120001
108120003
108120004
108120005
108120007
108120012
108120017
108120018
108120019
108120021
108120023
108120025
108120027
108120029
108120030
108120031
108120032
108120033
108120035
108120037
108120041
108120043
108120048
108120052
108120055
108120058
108120059
108120063
108120066
108120067
108120071
108120072
108120076
108120077
108120079
108120084
108120089
108120090
108120093
108120095
108120111
108120113
108120117
108120120
108120126
108120127
108120129
108120132
108120135
108120136
108120137
108120139
110120003
110120008
110120009
110120013
110120021
110120023
110120025
110120026
110120031
110120032
110120035
110120037
110120043
110120044
110120047
110120050
110120053
110120054
110120055
110120060
110120065
110120067
110120069
110120075
110120076
110120081
110120085
110120087
110120093
110120095
110120100
110120103
110120104
110120111
110120113
110120115
111120003
111120005
111120006
111120009
111120010
111120012
111120014
111120018
111120019
111120022
111120026
111120031
111120034
111120035
111120036
111120040
111120041
111120046
111120050
111120051
111120052
111120055
111120058
111120059
111120060
111120062
111120064
111120071
111120074
111120075
111120077
111120080
111120081
111120084
111120090
111120092
111120093
111120095
111120098
111120100
111120101
111120102
111120104
111120105
111120108
111120110
111120111
111120114
111120116
111120118
111120119
111120120
111120126
111120128
111120131
111120134
111120135
111120138
112120002
112120003
112120005
112120006
112120008
112120009
112120015
112120017
112120019
112120021
112120022
112120023
112120028
112120029
112120031
112120032
112120039
112120041
112120043
112120044
112120046
112120053
112120054
112120057
112120059
112120062
112120063
112120068
112120072
114120001
114120002
114120003
114120007
114120008
114120010
114120013
114120021
114120024
114120025
114120026
114120029
114120032
114120035
114120037
114120038
114120039
114120043
114120044
114120045
114120051
114120055
114120057
114120059
114120061
114120065
114120067
114120068
114120069
114120071
114120079
114120080
114120081
114120083
114120097
114120101
114120104
114120105
114120109
114120115
114120116
114120117
